Date: Tue, 14 Jan 1997 20:24:59 GMT
Server: NCSA/1.5
Content-type: text/plain
Last-modified: Wed, 18 Dec 1996 00:19:50 GMT
Content-length: 6459

A column heading x/y means that the assignment is worth a total of x
points *without* extra credit, and y points *with* extra credit.

		hmwk1	hmwk2	hmwk3	hmwk4	MID	hmwk5	hmwk6	hmwk7	hmwk8	hmwk9	Final
Total Pts:	7	7/11    6/10	8/12	39	9/13	9/13	9/12	11/14	8/11	51
---------------------------------------------   ----	----	-----	-----	----	-----	-----
549-93-6195	7	4	5	8	21	5					
802-94-9994	5	7	6	8	27	9	9	9	11	8	27
026-74-2513	7	7	6	8	33	5	9	9	13		45
166-64-3583	7	7	6			5					
037-48-4503	5	10	10	12	36	9					18
612-03-7729	7	6	6	6	33	9	6	9	11		27
189-60-7447	7	6	5	8	12	9	4	7	9		18
140-74-5619	7	7	6	8	9	9	9	9	13	7	24
009-68-5797	7	11	10	12	39	8	13	12	12		30
802-09-6084					21						
213-33-8916	7	7	6	8	18	9	9	12	14	10	18
109-68-0647	7	7	6	7	18	3	1				
598-10-3882	7	7	6	8	30	9	4	8	11	9	33
241-59-2257	7	10	8	12	33	11	2	7	7	5	36
313-84-4391	7	7	6		21	9	1				36
036-58-7074	5	6	5	8	27	9	9	11	11	11	36
025-66-4035	7	3	6	8		7
022-74-5419	5	7	4	12	33	9					15
330-78-6717	7	7	6	8	24	8	6				
197-56-7147	7  
088-72-0658	7	11	10	8	33	9	13	12	13		42
475-74-6120	7	6	6	8	21	9	9	9	10		24
142-96-6531	7	7	5		21				5		18
574-90-4562	5	6	6								
802-77-8294	5	11	10	12	30	13	11	11	10	8	36
033-76-5125	5	4	0		27						24
148-66-5829	7	7	5	8	24	9	9	9	11	9	24
112-76-4590	7	7	4	7	12	8			10		30
092-62-9062	7	10	5	8	33	7	3	5	8	6	36
393-02-2111	7	10	8	11	33	11	6	6	11		36
010-62-4692	3	3	6	8	12						
516-15-5401	7	7			27	8	5	8	10	11	39
155-64-9975	7	11	10	7	27				0		18
534-98-4635	7	7	5	7	33	9					36
021-60-2602	3	11		8	33	8	9	9		8	27
538-13-1582	7	7	5	8	36	9	13	9	11	5	42
224-43-8620	7	11	10	12	33	10	13	9	12	7	45
147-82-8883	1		3	2	33	*	4	8	8	5	27
097-66-1835	7	6	5	10	21	3	9	*	8	*	27
615-68-8912	7	10	6	8	33	9	9	9	11	7	33
002-74-1534	7	7	5	8	27	9	6	9	10		27
097-66-4658	7	4	5	9	30	9	13	10	11	7	24
570-97-8575	7	7	5		21	8		4	8		39
053-64-1839	7	11	9	12	39	13	2	0	11	0	39
541-23-2157	7	11	10	12	27	5	12	12	13		33
039-56-8131	7	7	9	12	33	8			6		36
150-64-8958	7	11	9	12	36	13	13	12	14		42
145-78-9004	7	6	5	2		8					
030-60-3696	7	7	1	8	18	7					
289-72-0754	7		1		27	9			4		30
313-80-1617	7	11	9	12	36	12	10	12	11	6	21
017-62-2419	7  
599-05-8538	7	7	6	8	27	9	9	9	11	8	39
016-62-4973	7	7	0	2	9						
034-66-7514	7	9		9	24	12	8	0	13		27
047-56-3795	7		6	11	36	13	9	10		8	33
033-56-0155	7	7	5	8	21	9					24
066-70-1302	7	11	9	12	36	7	12	6	11		24
153-94-7088	7	6		7	24	0	8	0	10		18
522-71-2467	7							
024-60-5214	7	7	5	8	24	4					18
438-77-5254	7	6	6	8	24	7	5	9	9	11	18
016-76-7846	7	7	6	*	33	*	9	12	14	10	45
025-56-5888	1									
043-74-7982	7	7	5	8	24	8	9	9	9	8	21
012-58-5430	7	7	6	8	15	9	9				
231-63-4192	3	2	5	3	33	5	9	6	7	5	27
076-68-3782	7	7	6	8	21	9	9	6	11		42
214-06-5484	7	7	6	7	24	9	13	12	11	5	24
573-75-2384	7				24						
015-62-6791	5	7	5	6	33	7	6	8	7		27
069-64-2783	7	7	6	7	33	9	3	5	10		30
120-60-5897					9						
530-08-0992	5	10	10	12	36	13	11	10	11	8	42
409-55-5223	7	11	10	11	33	11	9	12	11		39
029-76-9116	7	7	9	10	24	7	7	7			27
624-76-4711	3		6	12	21	12		6	8		9
802-01-9804	7	7	6	8	21	9	9	5	8	2	18
620-56-3747	7	6	5	2	27		0	4	5		
533-15-3432	7	7	6		*				2		27
029-68-4335	7	8	6	9	33	12	8	*	13		33
053-62-4808	7	6	4	*	18		
134-50-8583	7	6	5	8	21		6				
348-66-1658	3	6	5	2	24	5				
139-68-0105	7	10	5	7	33	13	9	6	11	8	39
012-60-5105	7	7	6	8	24	9	4	9	13	8	27
027-56-0954	7	3		7	21	8
026-78-7014	7	2	6	8	18	2	9	12	11	11	21
217-92-2219	7	7	5	8	27	9	9	9	11		30
214-35-9238	7	10	10	12	33	13	6	7	11	7	33
026-78-4294	7	7	6	8	24	10	9	9	11	7	30	
224-33-9383	7	11	10	12	24	13	13	12	14	8	15
019-70-6258	7	6	5	8	27	11	9	11	7	10	33
010-76-3065	7	3	5	8	30	8	8	12	7	5	39
540-19-4208	5	6	5	7	9	9	9	9	9		15
151-88-7522	7	7		*	18	11	13	9	6	5	36
102-58-9689	7	7	5		12	9	9	7	8	2	30
049-86-5312	7	11	10	12	39	13	10	12	13	10	42
802-84-9820					18						
010-68-3254	7	7	6	7	27	8	9	8	10	8	39
565-57-8248	7	6	6		27	6					21
040-70-1553	7	7	6	12	33	8	5	12	11	10	33
086-66-7957	7	4	*	8	30	9	7	9	11	*	24
016-66-1946	7	7	6	8	36	9	9	9	11	8	36
010-68-4256	7	7	6	8	18		3	2	7	5	18
270-82-6349	7	5	6	6	27	9	6		8	7	30
093-68-6684	7	7	6	8	24	6	6	5	11	2	27
074-62-7637	7	6	5	8	24	9	13	9	11	8	24
495-82-8392	7	7	7	8	24	9	9	9	8	7	21
024-68-4102	7	7	6	8	27	8	9	9	11		21
225-53-9736	7	7								
039-52-3071	7	7	6	8	33	9	9	9	11	8	45
051-80-8604	7	7		8	18	8			1		21
020-58-5310	7	6	6	8	18	7	1	7	6	7	18
112-60-7674	7	7	6	7	12	8	9	0	13	7	27
018-58-2760	7	7	10	7	24	6		7	12		21
260-63-4008	7	6	5	8	24	9	6	7	11	8	33
576-31-6555	7	7	6	8	9	6	9	9		2	15
031-74-3843	7	7	10	5	33	11	9	9	11	8	30
027-76-5137	7	7	5	8	21	9	9	4	11		15
030-64-5938	2	5	5		27	9	7		0		30
121-62-9427	7	7	6	8	30	4	5	8	11	7	42
531-92-1288	4										
014-56-3641	7	7	5	8	30	11	9	7	4	11	42
448-76-4512	7	7	4	8	27	9	9	11	8		27
047-82-9559	7	6	6	8	30	9	9	9	11	11	30
802-71-9428	7	4	8	4	15	7	0	11	7	6	18
017-70-4653	7	6	5	8	33	9	9	6	8		33
472-13-1160	7	7	4	8	30	9	9	9	11	6	18
079-62-1729					9				
044-86-1894	7	6	6	8	21		2			
059-68-0285											9
802-60-4992	7	7	6	7	30	9	6	6	11	0	21
802-99-4376	5	6	9	11	27	11	13	11	12	11	33
586-84-3074	7		4	8	30	7	2			2	15
337-76-9522	5	4	6	8	39	11	9	7	8	8	24
016-56-3057	7	7	9		33	8			7		21
032-60-1563	1	5	5		9		6	6	0		18
018-68-3671	7	11	6	12	39	9	13	9	11	8	36
562-89-7977	7	11	10	12	36	13	13	11	14	11	36
148-66-4821	7	6	5	2	18	5		5		
241-02-7338	7	7	6	8	36	*	8	9	14	11	42
049-72-3381	7	7	5	8	24	9	6	8	11		27
590-38-0021	7	11	10	12	33	11	13	12	14	11	48
034-64-2000	7	10	9	12	24	13	12	12	9	7	36
019-72-0026	7	7	6	8	39	6	9	7	11	5	45
016-66-7933		11			21			6	1		15		
003-56-5524	7	7	10	8	21	9	13	12	*	*	21
025-60-9029	5										
559-81-5290	7	7	6	6	21	6	9	8	10	10	33
802-49-9304	7	10	6	11	21					
034-74-6039	5	7	6	6	24	8	4	11	14		21
014-70-6812	5	7	6	12	39	9	9	6	8		33
022-60-0434	5	7	6	5	24	9	6	6	8	8	30
546-55-5534					30						
802-43-2273	5	7	6	7	24	8	9				
029-68-8629	7	7	6	8	21	9	8	9	11	8	27
567-95-2938	5	7	5	8	30	4	0	3	5	5	30
141-74-8648	7	7	6	8	33	9	13	9	11		30
095-62-5380	7	7	10	7	27	7	9	9	11	9	33
074-72-9673	7	7	5		18						33
802-06-3749	6	7	6	8	18	9	7	4	7	2	18
033-58-9120	5	2	6	8	24	5		9	8		18
133-60-0211	7	7	10	12	36	9	9	9	11	*	47		
028-76-7124	5	7	5	8	33	10	13	12	14	8	45
093-72-5475	7	7	6	7	30		9	6	10	8	21
010-70-7181	7	6	6	8	21		3				18
802-91-4204	5				36			12	4		24
580-27-3135		5	3		18	
497-94-1130	7	9	5
138-70-8636	7	7	6								
030-54-6329	7	7	6	8	27	9	9	9	11	7	27
070-62-3143	7	6	6	8	27	9	13	12	13	11	36
027-64-0035	7	7	10	8	21	9	9	9	11	*	36
024-70-4270	7	10	5	12	21	11	6	7	11	7	36
802-84-6112	5	11	10	*	24	8	0	9	7	8	30
091-68-3349	7	7	6	7	24	9	3	7	14		27


