#txt,maxent
18
deal
earn
free
sexual
low
rate
save
product
sell
buy
job
sale
win
debt
investor
percent
adult
signup
2
SPAM
HAM
2 0 1 
2 0 1 
2 0 1 
2 0 1 
2 0 1 
2 0 1 
2 0 1 
2 0 1 
2 0 1 
2 0 1 
2 0 1 
2 0 1 
2 0 1 
2 0 1 
2 0 1 
2 0 1 
2 0 1 
2 0 1 
36
-0.10200944172500092666
0.10200944172500076013
0.67200862621072965375
-0.67200862621072687819
-0.044996017165423347894
0.044996017165404064708
0.66509296109952331655
-0.66509296109952487086
0.17694771326854538684
-0.17694771326855177063
0.22001329589261386932
-0.22001329589261045538
0.12747350993412853715
-0.12747350993411935005
-0.075375746003435176168
0.075375746003441018717
0.034344266787052928069
-0.034344266787059249402
0.039219204941746584059
-0.039219204941759337746
-1.0908405318093628011
1.0908405318093588043
0.62907010088518744428
-0.62907010088518278135
-0.24070426827619934018
0.24070426827620072796
0.88598652595110471974
-0.88598652595110416463
-0.12593286739628292703
0.1259328673962837597
-0.11329478870313001992
0.11329478870312983951
0.83013472315040282012
-0.83013472315040137683
0.71024820290809387302
-0.71024820290809431711
